102 103 109
1 3 70 0
48 25 49 0
99 68 5 0
102 4 0
41 63 0
46 75 0
58 54 88 0
72 37 101 0
75 18 55 0
92 30 0
59 35 82 68 0
93 76 12 87 0
2 82 0
53 20 0
77 20 95 0
14 42 0
35 15 27 43 0
8 65 17 0
30 96 106 0
103 18 85 102 0
4 25 0
51 20 13 25 0
65 100 0
38 94 0
85 21 1 0
68 49 73 0
88 2 85 0
97 39 5 15 0
86 78 5 65 0
78 26 14 60 0
74 82 4 0
13 72 3 92 0
67 96 57 99 0
39 46 0
91 48 0
81 39 0
73 77 57 0
20 57 0
24 74 0
100 75 0
3 97 28 107 0
52 102 7 0
87 22 43 0
29 26 70 101 0
17 93 2 3 0
104 24 97 0
45 103 0
26 18 56 54 0
70 71 25 52 0
22 4 23 90 0
50 2 75 0
61 94 0
27 106 88 65 0
40 98 89 1 0
79 11 0
43 109 51 0
33 90 105 28 0
44 31 85 71 0
16 45 24 0
7 29 90 0
9 98 15 0
82 34 0
47 39 0
19 69 64 0
69 79 0
32 74 45 0
108 12 98 0
107 62 36 0
101 95 91 32 0
25 87 35 0
5 24 0
60 18 57 68 0
80 93 74 0
37 79 46 0
10 107 59 0
64 106 0
106 22 0
89 80 8 70 0
56 13 0
36 66 0
28 11 35 8 0
49 101 0
55 108 52 0
63 15 0
76 28 47 0
90 4 46 0
66 38 0
84 74 55 37 0
95 105 98 0
105 20 0
12 22 87 6 0
6 38 0
21 47 17 103 0
94 54 53 38 0
23 59 0
83 27 103 0
34 90 0
96 98 37 106 21 0
42 30 35 0
57 45 30 0
18 42 0
109 72 60 0
71 5 49 0
82 95 60 87 30 0
89 66 5 62 60 38 0
51 63 96 92 41 0
102 44 45 61 54 0
34 74 95 38 96 0
106 3 92 29 108 11 0
89 36 8 78 0
40 90 83 24 0
5 100 101 3 0
50 25 21 88 0
108 79 59 38 0
45 46 100 0
1 103 61 25 11 4 0
48 82 57 23 85 46 0
94 43 38 80 0
93 105 21 73 26 0
8 81 73 74 0
71 46 72 78 15 59 0
47 33 72 4 35 0
98 106 14 34 94 68 0
26 5 90 63 80 60 0
74 75 108 24 84 0
93 35 11 76 64 54 0
109 6 54 83 53 52 0
12 85 4 20 81 2 0
91 79 87 22 7 0
57 39 67 10 0
30 97 4 84 0
106 56 6 96 77 7 0
99 97 87 107 0
22 80 55 7 100 53 0
65 30 23 0
52 60 71 27 0
85 37 34 73 74 31 0
65 1 106 78 24 39 0
17 86 94 29 0
105 71 74 17 27 101 0
25 90 26 76 92 0
15 18 2 20 38 0
41 69 90 53 98 11 0
98 42 103 14 55 64 0
36 21 78 13 65 0
15 18 68 96 108 0
65 69 18 84 0
25 101 75 83 0
98 70 96 76 65 0
18 28 8 70 0
19 68 13 66 0
27 35 39 60 19 0
66 79 42 0
48 30 97 18 42 0
42 95 14 87 76 0
98 25 15 49 0
103 37 4 71 0
15 39 3 73 0
52 39 24 38 0
27 70 24 84 11 12 0
93 103 64 88 50 0
37 7 54 19 80 0
106 45 3 30 18 0
47 2 38 74 0
102 22 73 64 19 0
85 31 26 80 0
53 38 49 62 0
99 107 13 16 0
10 46 90 45 99 0
17 12 35 61 7 62 0
52 104 28 57 0
88 30 59 18 10 0
88 2 87 12 70 0
77 107 20 36 48 27 0
18 76 74 14 85 0
58 22 49 34 95 0
105 107 4 14 80 63 0
53 76 11 25 96 42 0
12 29 56 22 83 107 0
43 51 70 17 8 0
82 100 55 71 0
3 88 24 98 86 0
94 68 87 73 0
18 82 92 38 41 0
17 85 25 104 49 69 0
60 37 49 93 0
70 101 43 42 75 0
80 2 37 5 66 0
77 102 96 57 0
35 45 68 27 66 43 0
20 35 72 100 75 18 0
84 62 20 22 0
78 64 4 5 0
5 101 59 31 0
63 7 75 10 106 26 0
27 57 74 103 58 107 0
16 57 20 29 67 12 0
91 32 55 96 108 0
98 57 29 79 0
28 32 75 31 0
28 42 23 57 87 0
5 24 23 35 38 0
1 109 49 94 45 0
13 54 25 40 70 0
9 47 22 104 0
6 6 6 8 10 10 6 7 7 10 7 6 9 8 9 9 10 7 8 9 6 6 8 9 8 10 8 7 7 8 8 6 7 8 10 10 9 6 6 8 10 9 10 8 6 8 10 9 9 10 9 6 7 10 9 9 9 10 7 8 8 8 9 7 9 7 9 10 10 7 8 9 9 7 9 6 9 8 10 10 10 6 8 7 8 8 6 7 7 7 8 8 6 6 9 10 6 9 10 9 9 6 6 10 7 10 10 9 7 
