26 29 40
19 14 27 33 0
31 11 17 0
5 30 0
32 29 6 4 0
18 36 17 0
27 14 35 0
29 10 0
28 10 0
4 15 21 0
33 25 27 0
16 33 29 0
40 25 31 9 0
21 32 0
7 3 4 16 0
25 39 12 23 38 0
34 2 39 27 0
15 29 30 0
3 13 17 28 0
13 17 6 5 24 19 0
23 36 5 0
12 14 35 16 0
22 35 24 12 6 0
20 24 0
38 2 1 36 0
37 15 9 2 0
8 21 0
10 7 0
26 9 1 35 0
30 11 0
7 24 29 14 4 30 26 0
21 34 32 31 39 26 0
31 28 2 16 36 30 0
3 32 2 13 16 0
39 25 33 28 12 36 24 0
20 33 21 35 19 0
25 5 17 36 39 40 0
7 4 23 12 8 26 38 0
10 3 30 23 38 0
10 4 29 3 23 9 0
15 19 35 27 23 0
27 30 6 12 9 32 26 0
16 8 12 10 14 37 0
10 26 9 31 30 4 12 0
15 27 35 9 24 14 0
15 11 38 16 1 0
36 5 22 14 28 33 0
17 11 37 22 5 0
17 21 30 14 6 24 32 0
38 18 9 24 3 0
17 19 25 29 13 14 21 0
39 4 33 36 3 26 24 0
13 35 2 17 20 28 0
27 24 6 29 8 20 26 0
1 5 23 17 9 33 0
27 1 40 6 11 0
7 10 9 10 10 6 9 8 9 10 6 9 10 6 8 7 6 7 9 6 10 6 6 6 8 7 9 8 9 10 6 10 8 8 6 6 10 10 7 9 