910 912 964
80 368 289 0
670 62 229 581 0
71 392 452 728 564 0
815 680 0
166 442 163 0
714 112 215 0
215 203 274 97 0
447 276 0
476 303 0
168 282 151 734 0
224 877 732 577 0
456 140 622 0
580 825 0
898 350 0
130 604 207 171 0
538 24 0
511 671 862 0
384 376 387 0
833 630 467 0
351 7 233 0
731 278 631 826 0
655 639 262 733 0
160 864 346 143 0
207 362 27 772 0
6 450 0
850 839 153 939 0
428 162 130 0
145 604 689 0
33 516 874 100 0
70 555 0
767 16 0
300 272 288 735 0
946 745 216 537 0
824 537 311 0
577 677 778 0
78 702 0
907 386 0
466 31 470 631 0
228 328 110 0
437 776 421 0
865 922 544 0
419 399 688 238 0
578 723 362 21 0
667 390 215 0
155 528 560 274 0
588 159 851 0
910 587 891 0
77 873 0
491 282 418 0
512 907 388 0
222 778 945 0
584 6 37 399 0
479 398 16 744 0
163 442 0
269 75 0
625 507 0
61 159 766 247 0
65 479 181 0
701 770 612 0
608 581 227 0
568 116 691 0
17 895 0
188 358 788 0
69 238 482 0
348 504 4 353 0
86 887 0
543 650 0
492 864 0
913 644 675 254 0
741 427 0
896 302 744 399 0
899 184 706 0
541 172 713 0
345 569 0
448 843 0
894 623 639 307 0
683 827 424 0
509 486 553 0
947 391 906 610 0
371 479 801 101 0
454 265 31 496 0
412 490 398 0
357 388 145 545 0
688 914 352 0
321 397 339 832 0
730 523 547 0
359 133 196 635 0
132 138 62 0
391 176 685 0
781 785 421 523 0
620 236 901 0
629 523 49 597 0
496 99 632 0
121 876 0
707 132 381 0
632 740 0
838 567 643 0
757 325 159 124 0
497 252 556 0
770 818 0
459 47 0
18 4 953 0
647 844 801 0
791 731 0
186 510 84 0
165 223 0
312 468 0
74 602 794 475 0
758 58 0
648 754 0
961 380 539 369 0
810 311 837 126 0
696 703 371 773 0
616 26 723 0
62 162 154 0
817 819 28 0
108 607 325 959 0
602 681 442 255 0
284 177 594 0
395 346 877 889 0
4 871 494 0
922 539 0
235 322 0
869 607 0
507 710 0
274 764 0
921 243 297 0
940 107 0
405 197 575 0
750 961 939 802 0
573 693 487 271 0
227 428 0
704 176 86 286 0
490 798 528 341 0
50 385 0
255 599 236 0
346 5 931 178 0
860 265 439 90 0
884 259 0
597 384 30 0
514 880 738 0
55 476 837 0
549 817 0
247 311 706 0
660 366 666 279 0
196 427 0
264 320 617 0
56 351 51 0
903 941 0
890 355 589 510 0
811 386 824 0
851 508 605 418 0
134 262 0
591 961 0
583 466 0
38 708 243 0
521 875 0
789 1 812 320 0
847 725 579 0
501 463 266 0
291 715 0
589 896 0
110 601 792 0
158 226 764 290 0
24 187 374 0
532 889 0
537 270 0
104 413 52 526 0
832 869 0
623 103 616 0
388 11 75 0
374 533 173 0
410 367 0
28 221 749 0
171 475 484 960 0
729 481 0
286 113 137 0
241 255 0
852 907 145 405 0
151 109 407 248 0
933 229 0
764 662 0
622 133 827 0
329 597 186 141 0
743 753 689 692 0
925 745 59 757 0
663 862 530 0
402 780 0
429 28 0
49 217 790 118 0
97 128 797 0
600 73 0
914 744 208 272 0
944 286 350 587 0
778 24 717 0
150 288 718 0
654 421 0
324 735 407 0
489 172 478 446 0
916 699 0
527 44 252 232 0
650 872 846 343 0
927 404 257 231 0
126 489 717 737 0
607 182 0
464 578 0
260 167 0
834 20 208 842 0
566 359 361 0
175 949 0
617 219 0
560 843 952 877 0
697 427 0
301 711 0
107 946 710 0
183 553 101 0
503 415 340 699 0
250 398 502 548 0
918 275 728 0
356 705 761 0
845 762 738 926 11 0
343 400 373 600 0
840 431 0
870 399 576 0
319 718 221 747 0
214 7 595 173 0
928 115 0
180 535 505 0
941 842 0
441 63 0
362 873 627 845 0
366 297 422 0
367 748 311 146 0
409 433 408 936 0
342 153 447 570 0
858 237 646 0
768 634 0
493 142 233 397 0
275 919 0
455 57 812 0
198 683 172 0
823 636 48 928 0
451 235 365 0
919 703 0
339 874 71 346 0
47 433 475 0
84 430 473 142 0
801 40 0
473 251 0
883 267 0
469 449 619 392 0
675 18 268 256 0
220 444 514 0
76 590 570 320 0
951 791 483 0
380 35 315 56 0
909 46 182 0
276 961 0
136 386 0
423 761 0
109 205 242 705 0
295 65 237 0
190 628 939 829 0
516 44 934 0
721 485 150 0
837 732 0
114 887 0
460 267 91 0
327 938 0
58 27 915 565 518 0
644 384 415 350 0
551 333 843 637 0
499 506 274 942 0
525 57 158 0
599 3 68 0
131 694 770 0
550 427 0
795 143 0
853 935 231 493 0
57 720 663 645 524 0
212 44 402 0
106 284 563 234 0
805 491 0
601 816 903 37 0
926 192 915 0
915 420 523 0
173 28 0
15 179 0
360 81 158 760 0
563 18 0
430 315 844 62 0
438 676 647 919 0
91 794 0
856 167 93 0
582 52 144 590 0
703 828 0
315 575 235 0
157 18 231 472 0
226 456 770 0
571 336 0
716 720 337 0
127 435 0
604 11 745 0
867 486 691 0
101 274 0
679 414 675 0
99 416 602 0
43 646 788 0
590 713 270 0
317 848 417 649 926 0
39 886 251 0
524 707 356 0
20 945 0
530 247 642 0
672 252 0
399 326 613 100 0
3 35 431 540 0
387 216 120 0
251 818 277 302 0
717 548 744 0
234 453 428 931 86 0
546 705 0
169 473 4 0
350 221 515 0
52 116 893 0
11 4 907 85 0
422 729 0
238 79 387 0
103 891 0
129 54 292 0
439 131 0
806 610 108 0
671 658 350 95 0
787 514 106 533 0
818 435 73 646 0
612 476 298 0
569 94 739 0
931 674 558 421 0
609 525 0
369 415 0
825 720 212 0
420 511 828 0
859 453 659 0
117 134 435 0
381 434 68 0
271 110 801 575 0
771 274 0
116 124 0
124 198 753 838 0
526 647 0
304 611 0
738 739 0
164 87 0
195 713 0
528 860 0
685 51 380 0
390 224 0
739 473 0
352 380 136 882 0
592 885 724 0
873 953 0
760 899 455 876 0
252 348 406 689 0
542 385 629 0
299 734 162 630 0
248 115 833 0
937 139 653 0
754 697 0
462 173 0
673 956 500 677 0
259 940 0
923 288 886 194 0
681 431 0
827 388 701 687 0
325 566 0
375 519 0
857 199 48 450 0
641 404 369 137 0
668 780 792 619 597 0
797 571 697 0
118 652 367 0
177 85 471 658 0
193 72 936 0
64 95 295 579 0
786 284 0
75 678 185 0
793 864 357 400 0
486 435 0
540 477 581 576 0
878 53 0
279 468 777 517 629 0
761 932 601 0
570 475 364 241 0
664 472 0
470 645 0
553 639 394 0
624 206 662 910 0
123 646 592 853 0
536 301 0
841 487 0
25 24 0
506 480 65 0
199 435 380 0
779 421 0
363 720 0
579 40 893 0
626 10 0
494 945 109 0
887 790 0
552 337 18 904 138 0
733 747 543 507 0
310 614 0
36 362 0
288 828 479 0
900 66 469 0
844 325 409 200 0
67 850 494 346 0
785 910 874 467 0
908 881 442 380 0
687 649 170 0
736 882 511 892 0
765 371 892 0
270 188 0
596 219 574 0
178 160 0
41 143 832 241 0
249 487 0
68 135 413 941 0
245 872 133 0
628 756 474 434 0
396 757 239 0
398 687 0
12 702 0
181 809 0
547 603 144 474 0
143 819 617 761 0
139 479 193 0
413 444 86 0
949 61 610 0
895 755 703 668 0
784 687 500 0
959 370 0
8 815 0
314 70 376 316 0
303 359 453 612 0
548 62 734 492 0
87 386 0
807 461 782 240 0
354 397 743 0
46 422 182 292 0
335 813 0
871 485 598 296 0
636 205 0
776 812 137 301 0
450 837 0
595 434 0
643 278 452 68 0
619 666 758 0
192 722 0
633 860 647 217 0
485 178 821 0
652 812 807 934 0
37 501 0
790 168 61 0
463 573 0
435 456 570 645 0
854 121 399 0
246 743 792 499 0
287 697 833 0
772 66 245 0
813 86 341 0
605 3 152 0
627 491 154 0
219 743 0
879 766 0
756 94 679 261 0
431 470 516 0
320 585 0
864 218 0
394 867 472 830 0
618 660 126 715 0
478 126 681 785 0
531 691 285 0
82 244 174 824 0
952 815 468 0
281 705 306 0
749 824 569 948 0
842 119 597 586 0
924 796 203 153 0
119 113 422 0
135 505 0
63 143 0
651 829 873 0
373 440 0
587 401 0
400 778 810 309 0
484 527 660 0
957 203 256 168 0
191 674 138 798 0
495 640 598 458 0
517 781 798 0
874 86 169 0
680 322 694 328 0
73 371 0
889 583 633 0
726 912 584 0
294 484 392 958 0
358 319 639 0
421 420 805 666 0
416 469 0
798 602 335 838 0
500 133 224 401 250 0
187 483 407 823 0
861 682 599 0
505 193 140 0
520 61 932 0
425 742 348 158 0
613 698 261 72 566 0
10 668 416 107 0
586 739 660 910 0
666 532 0
285 609 706 0
718 410 926 0
268 523 656 0
334 566 535 0
471 407 123 0
794 99 0
221 876 284 0
318 343 128 0
283 252 550 0
773 141 0
105 617 829 581 0
836 577 97 0
385 332 932 0
403 833 0
483 319 806 833 0
239 373 31 0
956 874 216 0
14 438 444 0
498 572 757 73 0
370 212 907 0
306 63 0
917 891 249 721 0
72 583 766 758 0
821 118 557 120 0
598 810 373 114 0
724 798 463 152 0
897 468 785 340 0
690 207 0
280 246 473 0
488 227 0
939 42 843 593 0
585 399 0
162 322 0
330 527 94 0
404 488 337 619 0
480 64 0
397 861 0
665 446 400 0
699 872 293 77 839 0
705 761 328 0
376 821 890 0
677 783 0
368 735 0
746 294 871 164 0
273 418 640 0
40 427 787 744 0
769 297 845 746 0
562 558 0
272 777 438 0
839 540 406 0
156 427 896 83 0
147 34 0
954 522 0
782 703 0
529 509 0
603 759 856 0
522 7 508 0
888 250 386 0
544 943 583 556 0
185 284 386 616 0
558 766 132 676 0
443 851 562 0
293 73 0
267 389 353 737 0
706 959 377 831 0
48 229 366 958 0
29 567 0
614 714 794 698 0
54 951 927 327 0
204 831 0
904 833 364 0
752 700 844 0
891 668 197 0
211 295 0
88 289 163 0
682 311 67 332 0
98 205 412 0
508 808 806 0
440 266 256 0
296 628 746 756 0
194 515 517 0
678 720 804 0
686 277 480 146 0
708 829 439 0
408 951 0
244 435 74 331 0
960 544 142 0
333 738 943 0
51 473 0
737 322 538 0
26 720 0
631 590 423 668 0
377 364 0
955 550 42 244 0
137 268 39 0
893 830 644 11 0
953 39 0
125 573 710 0
846 832 0
518 41 52 0
843 360 881 686 0
240 888 290 0
417 648 105 0
309 606 237 394 0
712 577 554 369 0
426 421 0
34 676 429 502 0
176 674 716 375 0
808 165 0
816 60 864 655 0
378 382 379 0
906 786 892 0
112 351 368 612 0
7 913 0
93 635 0
719 921 193 367 0
574 336 924 0
800 763 165 0
1 496 0
882 503 0
691 911 0
615 433 0
22 792 0
138 951 461 101 0
830 243 0
344 171 364 257 0
554 302 344 357 0
748 71 0
415 496 500 0
744 857 811 0
727 820 0
567 302 773 0
881 548 0
822 76 0
711 522 848 856 0
755 53 0
775 95 255 808 0
100 504 745 789 0
611 390 449 440 0
340 244 0
936 361 74 909 0
695 873 0
642 900 198 0
477 551 735 0
799 105 863 738 0
535 254 92 867 0
935 238 0
653 614 666 670 0
206 717 865 35 0
788 697 893 0
457 939 100 0
911 810 832 724 0
519 256 0
732 671 414 0
880 274 499 0
446 666 937 0
659 323 314 0
289 755 0
606 535 273 65 0
5 115 415 0
208 784 0
646 814 659 0
323 280 670 526 0
943 32 540 157 0
740 40 370 96 0
534 717 57 0
218 102 0
328 958 432 0
862 454 0
401 630 328 721 0
934 540 0
728 839 598 674 0
835 375 184 117 0
556 539 826 0
232 150 801 0
820 380 671 491 0
656 854 850 405 0
316 400 743 0
445 277 0
202 334 888 606 0
148 836 442 786 0
649 26 428 436 0
809 460 92 513 0
393 963 23 0
200 244 678 71 0
745 621 709 130 0
149 624 0
277 461 271 55 31 0
576 438 586 122 0
572 926 0
113 80 795 0
159 457 781 75 0
635 230 816 0
365 859 642 0
170 826 955 0
182 134 248 0
223 3 870 245 0
336 43 225 600 0
831 223 104 474 0
45 497 0
89 893 812 446 0
128 272 337 95 0
449 769 925 0
258 901 275 674 0
53 257 790 361 0
230 634 412 745 0
942 515 872 0
634 744 114 0
216 868 135 0
885 584 0
311 225 953 90 0
689 697 917 713 0
661 217 0
90 220 688 214 0
950 577 331 338 0
803 462 272 37 0
502 231 755 0
122 899 923 885 0
912 684 434 0
313 778 0
555 841 0
120 892 333 0
829 469 0
236 533 508 124 0
347 942 396 157 0
676 702 226 697 0
210 858 80 6 0
929 280 630 0
753 234 10 0
79 845 477 34 0
140 354 0
742 762 0
331 446 650 305 0
920 78 343 499 0
21 800 918 0
341 176 454 534 0
152 1 44 728 0
59 302 411 0
213 431 0
710 897 0
715 590 295 61 0
23 916 234 939 0
266 914 682 0
722 430 0
472 141 317 0
467 437 916 68 0
700 892 903 396 0
662 876 229 480 0
2 355 596 585 0
217 201 470 0
804 346 0
930 600 0
161 256 284 0
747 175 0
96 177 912 0
389 949 89 438 0
179 710 25 815 0
406 384 637 337 0
958 55 437 418 0
866 689 434 669 0
735 915 0
209 241 395 906 0
298 289 0
481 41 224 131 0
702 302 483 0
557 410 0
565 402 361 692 0
427 683 0
242 926 220 0
792 832 0
189 28 871 0
814 96 0
243 610 366 0
692 639 392 0
13 190 0
533 208 454 0
184 552 299 0
172 404 179 791 0
559 479 183 0
734 95 676 0
610 859 0
465 292 0
307 339 0
777 546 0
561 779 0
92 219 549 262 0
638 185 438 0
539 428 0
263 663 605 509 0
154 689 0
645 919 321 0
630 579 0
414 841 895 0
948 421 0
305 523 860 920 0
796 406 0
66 543 0
637 266 958 891 0
657 372 758 0
372 688 0
945 447 730 957 0
723 675 852 721 0
452 383 77 0
9 959 699 0
515 287 554 946 0
233 505 0
774 372 778 0
282 396 85 0
849 81 358 698 709 0
94 562 593 0
146 167 529 103 0
338 79 586 826 0
938 193 0
482 314 650 0
382 729 655 943 0
432 909 880 388 0
326 773 153 0
261 515 126 183 0
709 853 72 0
901 426 63 875 0
902 271 0
674 684 261 0
694 83 32 313 66 0
876 261 0
433 414 296 568 0
262 704 0
254 517 686 0
174 180 203 504 0
308 283 393 48 0
144 830 873 0
237 429 793 0
353 350 0
111 944 339 558 0
783 145 568 22 0
932 754 146 0
802 793 0
436 297 0
349 517 0
962 683 0
229 669 868 0
257 709 0
458 478 629 671 0
60 237 333 0
892 384 100 0
964 764 0
102 35 196 0
751 795 481 0
658 195 0
763 58 399 581 0
475 175 219 171 0
115 594 708 443 0
826 817 0
545 773 382 529 0
364 821 428 132 0
510 14 575 514 0
379 103 854 783 0
504 855 598 151 0
30 778 0
684 747 0
253 714 680 109 0
225 263 0
418 82 871 43 0
863 124 938 0
201 873 161 0
594 571 0
759 37 0
205 331 222 255 0
407 243 0
725 481 810 237 0
875 702 448 1 0
95 165 221 455 0
474 55 479 438 0
411 37 696 505 0
593 387 892 576 0
828 85 802 47 0
513 525 888 65 0
713 58 734 74 0
434 877 548 432 0
16 897 0
564 676 877 861 0
581 514 0
290 221 860 0
332 35 878 0
444 861 98 0
256 139 0
292 19 472 0
905 166 589 168 0
322 898 0
31 415 778 268 0
32 746 207 234 0
424 428 713 952 0
615 274 350 878 737 47 0
479 706 107 552 0
70 640 126 26 486 169 0
809 345 837 745 430 387 0
380 296 826 50 236 0
151 346 540 248 86 825 0
552 832 14 487 0
306 380 396 347 34 944 0
428 925 548 945 0
256 518 302 866 679 587 0
267 46 372 575 949 0
798 614 64 781 0
463 824 877 121 441 960 0
533 832 126 673 0
566 501 222 427 584 319 0
634 77 678 468 351 655 0
259 489 252 312 0
774 666 826 231 780 226 0
35 433 735 555 0
201 116 629 776 593 877 0
11 827 439 447 801 0
946 289 569 735 0
325 212 342 728 0
479 431 4 577 964 0
332 637 274 50 763 0
150 404 502 395 833 499 0
607 475 525 450 696 395 0
666 919 709 538 723 617 0
59 733 105 819 343 866 0
779 708 578 514 527 718 0
879 511 623 836 501 0
186 702 222 108 510 0
744 341 346 464 445 850 0
271 314 96 493 222 0
601 754 581 556 431 0
516 859 323 475 0
130 6 841 782 629 327 0
170 380 548 490 826 442 0
22 376 380 950 0
468 158 573 463 399 0
489 61 320 591 266 0
94 435 613 39 161 389 0
3 165 888 403 782 0
117 144 363 643 666 0
925 429 594 251 0
794 446 428 222 97 0
90 655 173 876 513 309 0
559 297 606 149 0
650 274 425 911 772 0
238 482 614 235 839 585 0
290 125 390 33 208 186 0
550 626 678 126 889 0
387 474 611 710 306 0
213 932 671 530 408 746 332 0
874 437 176 118 184 421 0
282 473 673 20 818 0
208 153 100 844 0
714 101 817 713 751 963 0
935 370 748 717 494 921 0
597 447 517 63 0
193 677 822 227 478 0
182 866 267 25 933 33 772 0
794 887 300 443 741 734 0
244 759 694 523 228 610 0
467 908 526 450 679 72 0
402 428 711 819 0
487 811 801 884 420 259 0
368 226 337 532 0
392 328 237 219 254 787 0
873 526 856 830 800 0
72 101 57 123 127 0
94 157 442 75 643 0
326 952 948 27 654 848 0
657 67 764 247 910 0
579 665 372 958 138 478 635 0
953 265 394 816 379 304 0
597 34 703 134 825 0
101 939 951 100 918 0
182 659 831 17 454 942 0
858 643 250 666 177 757 0
499 339 180 65 263 0
33 97 475 804 0
706 411 472 577 894 0
446 647 470 532 450 0
165 737 510 37 153 960 0
242 473 90 961 0
486 153 319 787 212 883 0
561 602 115 98 0
159 697 403 951 158 746 0
261 224 833 719 770 0
193 152 732 438 499 0
515 75 396 334 687 0
35 448 477 436 405 0
593 154 764 824 752 815 0
285 53 729 290 745 875 0
40 821 122 727 312 276 0
697 850 225 629 849 0
163 49 181 580 693 84 0
272 208 637 87 679 0
348 251 656 649 755 0
221 172 274 63 21 0
544 65 173 327 815 0
331 829 471 634 185 596 0
439 723 441 144 0
424 248 434 132 725 184 0
506 650 176 404 0
793 391 907 750 912 0
758 916 52 489 0
454 829 922 516 0
801 868 340 603 749 139 0
661 178 270 952 0
244 514 816 98 0
483 56 907 867 0
271 435 845 929 0
61 357 122 837 423 0
653 252 500 404 373 427 0
902 572 612 181 0
897 273 233 795 388 0
558 367 905 668 466 372 0
828 270 625 562 766 931 0
24 354 505 871 314 0
761 438 842 169 256 0
581 923 746 954 106 0
581 484 839 458 0
599 367 314 860 190 0
863 929 909 52 786 0
819 574 698 868 52 0
891 456 294 480 867 0
55 898 380 38 385 394 0
502 175 878 535 0
594 103 941 521 27 515 0
382 400 789 654 82 0
449 659 891 291 814 0
758 50 346 360 0
104 268 133 846 164 0
932 256 131 495 0
209 547 707 483 911 442 774 0
687 362 851 61 859 238 0
474 7 187 166 522 0
938 278 226 534 959 0
305 95 296 869 108 211 0
254 155 412 106 755 774 0
76 438 275 299 286 328 0
522 68 713 804 609 587 0
130 889 483 190 910 0
543 156 116 62 369 0
245 366 703 405 459 0
685 841 491 954 334 593 0
359 292 941 352 319 0
804 682 896 81 0
692 890 404 910 276 203 0
295 238 569 253 0
844 254 255 288 0
658 158 127 319 92 0
761 535 301 687 0
364 446 730 194 964 0
186 124 542 904 81 91 0
215 14 52 518 162 0
570 379 746 217 341 499 0
485 508 375 796 208 121 0
924 399 643 356 518 0
48 882 320 343 557 459 0
586 763 444 103 0
716 864 341 660 394 177 0
831 491 556 21 0
47 635 421 270 485 808 0
959 339 520 500 799 909 0
677 771 315 775 718 0
35 66 769 664 570 0
947 234 927 924 0
472 398 569 134 855 591 0
336 546 146 786 553 0
881 761 357 859 324 394 0
187 461 12 747 498 45 0
221 910 901 754 0
416 371 246 425 692 0
683 963 928 744 0
378 507 859 515 63 627 0
887 448 51 530 0
405 216 773 467 0
688 274 399 73 0
838 718 483 840 796 87 0
333 147 891 776 287 954 0
860 115 500 600 422 0
41 325 773 511 506 792 0
364 953 778 446 737 180 0
618 384 837 203 913 0
651 517 63 857 363 0
653 21 430 132 873 0
778 7 336 448 20 453 0
328 711 893 863 831 709 0
159 590 668 632 0
537 113 830 597 201 927 0
71 311 946 713 285 47 0
595 438 410 782 0
583 864 146 948 0
188 438 717 220 0
317 256 843 395 0
104 198 510 176 162 0
549 241 4 24 436 334 0
516 808 893 51 837 653 0
80 770 577 811 26 703 0
508 409 331 417 0
27 516 435 342 0
478 223 323 533 0
24 806 323 0
610 587 810 557 206 679 0
537 675 252 130 774 0
383 132 344 20 0
365 604 815 348 647 468 0
48 681 588 699 0
237 639 612 434 0
85 86 674 943 195 96 270 0
373 777 128 439 937 0
689 297 503 675 95 751 0
567 575 551 565 0
612 274 691 747 511 437 0
235 106 646 716 78 888 0
247 778 418 735 515 0
164 614 575 709 0
450 315 146 774 162 0
277 824 899 388 919 0
374 280 808 886 0
142 65 523 694 0
805 926 136 635 0
397 351 498 905 0
407 856 6 656 636 768 0
720 855 784 112 0
889 702 248 468 93 0
382 84 587 323 285 0
892 541 786 873 212 0
236 385 669 435 878 0
386 798 597 94 0
287 416 865 628 757 194 0
688 687 740 167 368 0
583 446 477 240 426 0
910 677 309 469 832 10 0
788 20 573 624 356 922 0
211 351 875 35 0
387 350 180 662 398 0
440 571 698 588 718 428 0
607 404 311 402 434 0
710 926 720 583 386 0
761 144 386 211 0
903 137 668 777 559 0
325 490 169 854 339 586 0
724 900 812 804 11 755 0
290 294 792 413 301 538 0
325 343 305 724 951 0
272 18 710 823 90 365 366 0
163 476 100 916 673 7 0
655 798 453 696 450 730 0
189 496 266 25 851 823 0
783 461 876 669 0
369 86 30 640 152 0
134 478 79 635 0
688 390 472 288 101 0
590 168 343 684 235 751 0
421 327 118 787 151 0
112 548 18 359 503 0
872 119 158 874 618 0
409 732 169 390 0
392 431 40 17 0
352 284 943 20 931 80 0
240 766 87 287 793 0
303 878 737 711 0
700 223 839 432 0
356 686 715 444 0
270 161 764 98 0
796 415 646 202 638 0
347 945 350 349 754 419 0
202 952 629 939 832 331 260 0
877 172 44 165 727 18 0
58 778 645 468 920 0
610 708 526 545 0
621 507 877 723 54 83 0
504 212 445 65 0
648 838 165 259 10 0
272 663 434 241 665 340 0
806 528 177 66 379 0
364 611 18 259 876 169 0
696 237 939 51 0
892 334 302 412 231 624 0
37 930 442 658 918 249 0
55 198 133 106 0
554 839 894 373 75 0
109 616 802 901 478 684 0
895 194 888 383 0
783 957 877 260 101 0
426 647 815 66 396 259 0
259 486 865 594 876 488 0
450 756 577 527 166 110 0
285 192 332 26 201 514 0
915 945 826 301 0
436 571 723 825 225 578 0
794 712 527 927 212 0
649 936 900 454 508 0
942 951 913 0
449 803 455 159 437 0
891 518 600 927 792 0
333 570 344 430 0
401 577 82 593 659 959 0
397 406 603 276 0
8 769 438 550 0
405 475 399 166 0
889 459 576 222 0
680 705 573 840 710 0
937 564 203 295 919 914 0
527 362 407 757 168 34 0
404 703 725 814 507 0
582 862 792 629 457 639 0
454 689 353 814 0
523 636 734 714 952 0
364 552 558 473 765 0
71 798 701 558 178 337 0
777 430 764 710 604 0
134 419 433 580 0
449 406 62 644 876 661 0
142 357 400 521 671 0
39 668 200 790 0
95 604 812 149 171 3 0
271 442 513 322 0
918 37 152 596 441 0
702 729 776 311 0
234 69 466 289 454 388 0
872 470 758 473 224 709 0
73 457 91 254 921 721 0
11 647 654 663 706 0
251 84 86 72 693 0
237 571 741 673 219 957 0
479 924 380 914 0
572 369 835 232 512 217 0
386 576 743 693 284 744 0
508 257 358 611 0
421 939 916 617 385 542 0
407 535 605 470 174 0
874 658 808 706 675 569 0
35 737 503 460 73 945 0
150 311 598 123 120 416 0
221 502 756 844 664 56 0
290 382 739 84 567 0
431 656 949 767 0
83 620 885 265 797 0
227 511 628 14 0
109 183 836 550 79 0
558 825 353 64 624 0
663 107 151 776 754 695 0
192 627 830 596 124 89 0
333 279 521 960 501 0
525 243 488 543 736 0
167 26 721 797 361 0
396 28 684 510 782 0
644 203 802 358 585 841 0
780 463 494 617 212 773 0
172 789 563 649 179 0
415 636 945 721 827 342 0
191 479 221 361 0
123 60 899 465 7 802 0
10 341 630 281 499 0
366 523 336 814 0
59 306 748 171 785 87 0
469 286 184 853 147 664 0
581 225 742 313 334 0
458 266 893 767 191 0
111 157 739 177 0
332 256 890 854 0
361 365 434 369 0
13 141 401 856 0
810 196 140 956 72 776 0
827 486 435 882 892 0
348 505 54 82 822 0
634 886 66 327 194 0
359 238 772 540 84 0
436 74 318 849 0
564 575 26 386 0
727 926 393 625 824 94 0
216 85 551 83 602 702 0
293 760 246 713 345 0
1 903 575 525 906 864 0
174 229 958 285 932 535 0
760 919 540 670 0
454 98 540 541 0
359 244 36 853 950 515 0
328 481 352 856 608 302 0
870 570 275 632 702 0
135 753 72 881 0
373 581 346 270 0
786 639 218 367 0
864 397 124 362 0
591 257 140 871 0
269 957 140 21 0
674 604 664 764 794 0
388 622 438 19 199 720 0
480 574 749 874 0
244 530 540 313 207 711 0
215 703 65 103 686 903 0
468 793 704 86 591 0
205 705 137 56 937 49 230 0
360 854 660 885 0
649 948 876 331 678 0
373 97 6 787 0
634 435 139 895 0
302 98 28 652 90 0
842 854 289 222 94 0
880 369 301 765 687 860 89 0
159 511 830 826 668 452 0
958 311 951 446 0
143 254 432 672 482 177 0
892 666 136 644 610 875 0
48 368 675 124 709 246 0
529 915 585 638 925 0
583 812 274 375 791 0
1 743 592 855 919 0
183 534 790 768 372 0
631 887 110 656 348 456 0
311 297 28 161 196 151 0
432 276 334 628 321 838 0
401 779 165 529 512 222 0
674 961 44 688 0
509 440 173 881 0
138 279 670 853 0
206 524 739 505 640 0
3 350 474 635 617 843 0
479 128 391 246 0
911 126 815 513 422 150 0
23 671 61 843 861 907 0
138 366 717 165 321 21 0
443 886 859 434 520 124 568 0
689 587 510 172 720 0
231 414 813 449 937 0
221 913 875 319 441 104 0
617 619 322 25 382 897 927 0
263 754 599 470 82 824 0
545 185 381 439 62 455 0
386 217 102 830 659 0
142 231 904 693 864 723 247 0
485 697 912 366 122 659 0
566 437 585 798 887 206 0
892 95 606 457 300 0
72 162 106 751 0
99 399 964 248 272 575 0
706 744 390 196 948 0
205 800 584 944 889 0
451 422 600 780 296 0
497 550 787 822 187 0
182 953 790 345 278 0
339 440 801 795 0
528 652 118 138 0
738 676 80 503 0
874 576 875 385 0
83 139 389 619 0
895 496 920 877 246 137 0
602 433 720 550 159 0
676 298 500 215 0
891 433 82 431 0
215 736 219 243 62 0
97 370 63 458 763 29 0
9 205 397 885 602 3 0
37 725 101 961 0
954 239 292 161 48 506 0
788 73 720 878 756 0
287 95 670 785 0
487 519 399 767 471 838 0
277 528 444 373 0
236 421 229 578 289 0
609 689 261 742 199 887 0
231 827 682 370 100 24 0
824 917 284 41 183 792 0
10 29 31 264 603 373 0
508 560 836 538 173 0
286 599 790 34 0
470 353 289 753 121 0
386 687 123 855 312 550 0
955 224 48 775 141 0
420 151 377 544 346 0
181 882 415 60 0
613 369 724 381 102 0
609 691 662 72 315 319 0
11 805 873 505 259 731 0
633 358 131 857 309 0
537 778 337 283 0
303 39 44 885 0
602 465 562 520 0
196 473 68 627 766 330 0
243 129 26 750 0
354 682 208 439 716 405 0
244 642 670 217 0
237 840 745 413 0
392 697 412 212 0
367 944 584 438 274 896 0
525 328 662 823 659 0
207 388 176 450 511 0
579 32 238 343 835 252 0
642 842 598 265 254 0
543 427 713 892 111 500 0
138 73 167 231 862 0
468 538 646 952 0
85 283 145 804 583 0
421 699 619 122 0
343 249 427 797 842 0
824 73 103 61 229 0
453 553 795 243 700 0
480 66 945 149 0
253 415 852 322 433 0
119 517 179 857 822 412 0
767 399 457 292 0
685 720 747 146 879 0
356 231 876 649 263 0
549 283 556 426 30 0
857 154 319 817 610 0
481 645 757 821 0
812 843 563 412 707 709 0
946 229 331 742 574 409 0
851 724 871 352 639 545 0
846 566 121 254 86 0
781 576 232 621 173 0
934 597 235 781 116 3 0
422 499 962 41 0
39 217 422 833 0
168 807 943 314 657 884 0
247 770 870 754 0
85 474 702 917 398 877 0
872 195 816 339 370 0
387 452 219 312 862 0
565 149 331 761 0
414 89 115 597 485 0
117 168 547 913 208 263 0
194 160 229 477 900 0
714 558 820 591 0
504 95 444 766 0
201 337 688 486 933 0
607 814 523 619 96 0
959 608 624 654 73 0
447 423 31 712 704 0
240 288 346 435 171 239 0
295 874 78 210 832 0
71 728 513 177 204 12 79 0
38 517 288 284 193 232 0
466 837 556 955 143 9 0
456 639 780 145 181 88 0
271 329 848 722 0
535 861 743 832 128 906 0
94 899 92 469 749 0
533 519 110 368 890 0
420 598 427 846 770 362 0
648 709 42 314 143 0
1 863 882 957 697 554 0
216 388 415 943 0
809 778 681 652 0
414 850 499 631 216 0
4 770 148 206 422 195 0
690 590 45 177 717 418 0
762 906 663 753 12 373 30 0
387 628 302 857 0
785 89 62 906 171 0
645 160 920 3 518 0
721 696 31 887 0
282 227 371 52 941 0
568 288 709 203 940 0
328 640 578 236 251 31 0
768 280 917 520 142 0
897 288 476 413 617 957 0
644 316 512 381 570 787 0
548 910 539 718 476 0
184 296 807 139 0
832 7 146 370 74 200 0
154 631 818 803 0
57 243 434 746 588 423 0
245 706 467 711 0
17 662 52 477 0
68 423 745 722 0
295 289 871 826 279 0
596 262 544 810 0
462 255 742 858 0
597 380 815 423 314 0
53 868 385 773 0
832 557 845 828 0
11 726 16 478 778 600 0
5 709 491 156 780 0
355 699 792 52 604 487 0
568 806 108 842 564 0
460 676 936 748 342 20 0
24 610 124 92 0
234 629 7 105 745 92 0
738 105 57 5 785 0
959 782 234 735 262 24 0
204 224 190 933 424 737 0
579 720 941 220 214 68 0
428 819 793 410 0
744 18 885 355 0
295 675 839 438 365 0
676 316 493 734 850 901 0
734 428 745 225 0
292 262 821 268 560 0
255 458 514 842 101 0
487 281 19 400 299 48 0
714 694 320 440 0
171 862 630 596 876 939 0
452 262 226 859 0
185 949 371 480 343 56 0
602 273 708 302 904 0
22 931 229 316 162 421 0
304 74 418 171 944 574 56 0
751 120 394 522 0
601 422 61 546 348 650 0
785 307 43 888 0
804 322 817 339 0
960 258 177 765 0
338 892 435 616 239 729 0
728 212 172 143 0
431 100 63 776 55 0
314 668 313 166 497 0
832 335 110 2 274 0
164 58 178 292 622 0
417 798 514 956 611 0
93 729 252 170 0
719 744 843 942 0
193 892 553 376 0
392 888 144 935 427 0
867 539 113 183 241 0
555 75 92 195 148 710 0
460 730 898 520 719 183 0
203 755 395 461 140 614 0
277 58 934 756 169 717 0
81 374 32 939 264 590 253 0
738 766 143 757 944 930 595 0
849 153 802 548 940 726 0
846 268 797 353 94 0
245 402 362 228 770 746 0
469 781 416 121 751 0
649 319 86 331 0
940 268 911 647 397 0
3 499 589 642 783 350 0
413 792 704 101 467 0
143 586 816 45 0
781 57 62 942 767 0
810 255 228 930 0
205 307 961 917 648 348 0
562 162 524 647 0
522 210 400 892 814 0
109 340 617 910 0
676 763 869 907 211 0
55 366 255 58 174 0
73 370 691 196 12 407 0
772 697 533 624 438 0
150 791 505 476 127 314 0
828 227 710 877 172 358 0
565 128 252 292 0
178 826 105 214 45 0
282 360 909 712 613 405 0
421 757 585 636 0
1 207 133 705 0
447 529 66 0
679 284 406 706 0
135 377 145 653 829 692 0
791 275 773 707 0
752 437 250 215 28 0
506 722 96 287 171 618 0
738 624 885 743 177 257 658 0
568 589 777 231 685 0
429 313 600 364 0
321 372 593 86 0
315 75 684 161 0
880 262 463 745 70 59 0
533 501 126 370 398 144 0
20 428 639 949 0
277 388 717 745 108 449 892 0
566 292 893 952 0
834 509 598 839 0
785 567 735 313 499 0
298 384 538 865 510 0
76 717 633 243 169 506 0
3 958 739 118 0
261 421 539 943 474 0
532 952 145 947 0
744 453 747 172 0
744 845 327 592 0
251 595 944 548 761 30 340 0
55 687 853 661 267 0
261 810 219 276 0
193 535 746 419 196 755 0
420 450 721 867 358 0
431 514 230 603 0
686 120 491 294 0
49 322 843 118 955 929 0
543 750 766 891 551 0
208 479 248 353 0
699 666 103 170 0
610 162 919 666 663 495 0
515 198 30 377 650 0
895 224 655 442 0
280 770 51 307 315 0
348 667 956 909 150 933 0
171 666 88 351 236 0
671 674 630 393 245 0
94 778 442 462 0
818 577 330 519 562 120 0
833 623 442 838 148 879 0
705 848 877 1 468 608 0
464 926 536 606 904 0
860 861 43 457 870 0
216 79 801 282 465 827 0
37 627 915 861 165 0
589 630 200 470 0
78 960 560 911 424 373 0
361 193 15 342 54 0
221 680 829 808 516 198 0
644 70 554 491 809 0
272 174 412 47 843 0
932 717 540 51 521 0
480 96 721 572 416 776 0
755 744 723 483 0
783 67 754 316 826 0
881 467 914 747 355 0
135 938 638 37 907 699 0
261 683 828 230 115 0
755 705 773 559 0
897 384 157 504 24 0
256 66 713 736 646 0
858 622 916 288 0
242 427 907 51 798 86 0
918 432 584 625 0
652 124 801 116 308 0
485 931 92 187 198 150 0
504 456 124 707 184 112 0
407 477 713 892 770 0
40 51 4 456 288 537 0
47 158 757 292 339 0
860 577 389 163 428 0
785 310 64 133 376 0
692 247 23 806 237 225 0
53 399 715 164 626 0
137 678 650 131 512 0
410 496 196 909 5 0
417 133 218 593 681 0
883 650 893 763 747 0
579 903 418 754 0
153 476 444 61 195 0
527 950 698 683 0
321 461 539 806 616 0
182 647 108 628 0
850 484 523 921 264 272 617 0
635 335 170 620 355 0
791 195 406 779 0
593 340 266 912 249 0
230 90 942 367 0
10 728 707 93 0
361 705 600 586 74 293 0
351 185 494 927 0
309 141 490 598 306 0
932 121 118 523 0
350 418 79 292 184 0
475 837 91 50 0
443 629 95 862 932 796 0
134 658 864 263 331 139 0
143 263 873 838 0
116 102 949 768 0
825 743 701 542 586 342 0
697 812 394 122 110 85 0
376 919 284 675 304 838 0
517 851 299 368 121 0
955 257 592 667 232 658 0
906 408 795 337 296 362 403 0
874 349 617 139 770 0
788 632 396 790 0
139 385 817 275 677 289 0
475 695 710 119 0
93 61 820 746 360 0
46 833 234 85 0
132 120 691 301 668 0
286 37 115 881 330 234 0
408 103 637 42 183 0
478 926 861 498 188 0
699 424 671 459 110 0
454 507 381 812 0
16 241 797 940 512 0
446 207 833 419 24 244 0
312 674 961 65 594 0
143 686 844 339 0
138 810 398 891 552 670 0
438 703 833 311 0
758 795 219 922 821 502 739 0
832 264 65 134 73 0
681 619 888 588 269 0
469 857 256 217 669 673 629 0
617 250 472 451 159 366 0
906 34 235 785 555 0
159 828 333 581 928 689 0
800 838 756 384 448 0
934 784 166 207 296 304 0
74 833 734 330 828 0
660 544 773 858 228 0
761 904 272 678 840 767 0
87 495 740 569 786 0
680 388 322 161 964 429 0
413 871 427 141 543 0
488 324 901 189 723 937 0
414 841 936 921 504 0
504 470 845 86 804 0
35 873 598 689 157 0
439 939 301 545 0
58 778 921 677 0
265 639 68 90 0
959 796 545 621 727 510 0
237 914 632 428 692 451 0
689 114 876 374 0
497 217 415 838 237 302 0
766 473 731 218 0
716 843 646 557 0
141 114 472 491 0
361 355 109 963 688 0
428 732 427 57 872 337 0
844 847 462 451 89 0
32 892 562 866 400 678 0
860 398 233 672 868 501 0
669 266 393 421 0
367 179 80 537 556 909 0
171 68 605 211 716 50 0
831 37 373 797 648 0
799 733 869 851 779 0
692 821 44 827 197 0
881 65 86 486 165 91 0
34 896 867 884 142 0
953 683 749 177 0
27 362 762 859 580 556 0
814 710 190 489 358 128 0
880 368 435 108 0
958 830 176 757 0
515 284 494 826 28 20 0
398 322 145 245 784 0
11 794 821 882 503 0
509 854 735 621 38 0
583 220 241 238 710 292 0
884 267 786 339 58 845 0
722 590 523 154 874 0
75 938 674 680 853 412 0
260 418 823 113 0
940 715 951 612 728 502 0
434 308 471 297 777 0
479 683 100 892 210 0
912 570 675 465 380 163 0
926 410 197 794 0
411 813 43 542 791 701 0
759 829 302 104 591 619 0
236 203 853 476 171 602 0
492 697 861 93 0
206 645 137 471 0
484 580 399 530 159 72 0
872 207 646 372 0
199 590 455 195 0
873 896 179 490 206 0
915 702 631 792 628 0
492 554 923 39 840 176 0
54 384 907 194 737 88 0
480 371 112 167 304 820 0
469 482 961 410 746 945 0
873 641 901 872 583 0
601 728 500 692 33 200 0
72 755 514 884 407 459 0
326 74 99 515 135 479 0
317 400 346 408 92 244 0
376 505 931 208 688 833 0
913 496 77 92 802 244 0
660 223 131 762 0
937 364 605 787 938 945 0
41 220 130 728 0
481 379 734 798 0
429 642 152 358 401 539 0
350 581 567 361 348 927 0
276 225 734 498 109 0
782 557 249 31 566 652 496 0
452 515 63 186 0
522 132 197 339 833 530 0
531 660 481 167 905 537 0
338 293 220 380 596 0
844 188 694 619 212 159 0
241 400 421 37 925 0
40 375 320 232 305 0
700 77 713 255 0
81 534 455 458 285 717 0
311 666 553 4 0
407 933 790 666 0
935 671 232 51 687 425 0
928 909 62 797 752 896 0
550 864 184 558 0
555 2 297 230 0
291 635 610 197 519 831 0
62 430 818 311 0
402 168 4 315 321 893 0
616 731 871 562 875 175 0
876 28 31 796 0
912 21 829 583 0
738 659 852 727 581 0
175 113 811 678 0
386 175 47 626 290 0
71 60 28 18 227 0
41 676 173 821 545 230 0
867 885 384 589 0
343 183 630 437 411 0
199 107 214 383 287 409 0
860 689 383 115 0
426 910 114 948 324 0
239 473 586 849 928 906 0
268 99 606 9 676 590 0
468 515 257 558 96 0
679 16 405 39 762 539 0
163 233 427 799 0
337 753 612 656 609 720 0
132 162 278 500 0
914 718 586 351 824 0
8 8 9 9 6 8 8 7 10 6 6 6 6 9 7 7 8 9 9 7 7 6 7 7 6 8 10 7 10 6 6 8 7 6 8 6 6 6 6 8 6 7 7 7 8 6 9 7 6 10 7 7 7 8 10 7 7 6 6 6 6 9 8 7 8 8 7 9 9 9 8 9 10 6 7 6 7 10 7 8 6 8 8 6 10 7 10 9 6 8 7 8 8 9 9 6 9 8 8 6 9 8 9 6 7 10 8 10 10 10 9 10 10 10 7 7 7 10 7 9 9 9 6 9 7 7 6 6 8 7 7 9 7 7 6 8 6 9 9 8 9 6 9 9 10 10 9 7 7 8 6 7 9 7 7 8 7 8 10 8 10 8 8 10 7 7 9 6 9 8 8 10 6 6 8 8 6 6 6 6 6 7 6 10 6 7 7 6 7 7 10 8 8 6 10 10 7 9 10 7 10 6 9 9 8 7 10 10 6 7 10 8 7 6 9 6 9 8 7 7 8 9 9 10 8 6 8 9 9 10 7 7 6 6 7 9 7 7 8 7 8 7 9 8 9 6 7 7 6 10 7 10 8 10 10 9 9 7 6 9 7 6 8 10 9 7 7 6 9 6 10 9 8 9 8 7 10 9 10 8 10 6 10 6 9 9 6 9 7 7 8 9 10 7 6 10 6 8 7 9 7 7 8 6 6 7 8 7 7 9 10 9 8 8 10 9 9 9 6 10 6 7 6 6 8 7 7 10 8 9 9 7 6 10 8 7 7 8 6 7 9 9 8 6 6 6 8 10 7 10 7 7 10 6 6 7 9 7 7 7 8 10 9 6 9 10 10 7 9 7 6 10 7 6 9 9 6 7 7 7 6 7 7 6 7 6 6 9 7 10 8 7 8 7 9 8 7 8 7 9 9 7 8 6 7 10 6 6 6 7 6 8 8 10 8 10 8 8 10 9 9 6 8 8 9 10 7 10 6 6 7 10 6 7 7 6 6 9 10 8 6 8 6 8 10 6 10 6 7 10 10 7 7 10 8 6 10 10 9 7 10 6 9 10 10 7 10 9 9 6 6 6 6 10 8 8 6 9 9 7 6 9 7 7 10 7 7 7 6 7 7 8 6 8 8 6 8 6 8 10 7 6 8 6 6 7 10 7 9 7 8 8 8 6 6 7 7 9 9 6 10 8 9 10 7 9 9 7 9 7 10 6 10 9 6 8 6 9 6 10 10 7 9 10 9 6 7 9 9 10 6 10 6 8 9 9 9 6 9 7 10 9 9 6 6 10 9 9 8 9 7 8 6 8 9 9 9 9 6 9 6 10 7 6 10 10 9 10 10 9 8 7 6 7 7 10 9 9 7 6 9 8 6 7 7 7 7 6 7 6 10 7 9 6 9 8 9 9 6 9 7 7 8 7 10 6 6 7 9 9 6 8 6 10 8 7 6 9 6 8 9 10 9 8 10 10 9 10 8 9 7 6 6 10 7 10 10 10 7 9 9 7 7 6 6 8 8 7 9 8 8 6 6 10 10 9 7 7 7 8 8 6 8 6 7 6 7 6 10 9 8 7 6 7 8 6 6 6 6 9 9 7 9 7 10 9 6 6 6 8 9 6 10 8 8 9 10 8 8 10 9 8 10 9 10 7 8 7 7 10 7 7 8 7 6 9 7 6 6 8 9 9 7 8 7 10 9 8 8 7 8 9 9 10 10 8 6 6 6 8 8 7 7 10 6 8 6 7 6 6 6 9 9 8 10 6 6 9 10 7 10 6 7 7 7 6 6 6 8 9 7 8 9 6 7 9 8 6 7 6 10 8 10 6 7 6 7 8 6 8 6 6 7 8 7 6 10 10 7 8 7 7 7 10 9 8 9 6 6 9 9 8 6 10 6 9 10 7 9 6 7 10 6 9 9 6 10 9 6 7 7 10 7 10 9 9 8 7 6 9 7 8 9 10 6 6 6 9 8 6 8 6 8 6 8 9 9 7 8 7 9 8 7 6 6 6 9 7 8 6 7 10 6 8 8 8 8 8 8 10 8 9 10 6 7 8 6 9 8 7 10 6 8 7 7 8 10 10 8 6 8 6 8 9 6 7 8 8 7 6 7 9 9 10 7 8 6 8 7 8 10 8 6 9 7 8 8 8 8 6 6 10 8 10 7 6 8 10 7 7 7 9 8 10 